F FB F 
1 F B F 
1 2 F B 5 
1 2 3 F B 6 
1 2 3 4 F B 7 
1 2 3 4 5 F B 8 
1 2 3 4 5 6 F B 9 
1 2 3 4 5 6 7 F B 10 
1 2 3 4 5 6 7 8 F B 11 
1 2 3 4 5 6 7 8 9 F B 12 
1 2 3 4 5 6 7 8 9 10 F B 13 
1 2 3 4 5 6 7 8 9 10 11 F B 14 
1 2 3 4 5 6 7 8 9 10 11 12 F B 15 
1 2 3 4 5 6 7 8 9 10 11 12 13 F B 16 
1 2 3 4 5 6 7 8 9 10 11 12 13 14 F B 17 
1 2 3 4 5 6 7 8 9 10 11 12 13 14 15 F B 18 
1 2 3 4 5 6 7 8 9 10 11 12 13 14 15 16 F B 19 
1 2 3 4 5 6 7 8 9 10 11 12 13 14 15 16 17 F B 20 
1 2 3 4 5 6 7 8 9 10 11 12 13 14 15 16 17 18 F B 21 
1 2 3 4 5 6 7 8 9 10 11 12 13 14 15 16 17 18 19 F B 22 
