1 2 B 4 5 B 7 8 B 10 11 B 13 14 B 16 17 B F 20 B 
1 2 3 4 5 6 7 F 9 10 B 12 13 14 15 F 17 18 19 20 21 B 23 F 25 26 27 28 29 30 31 F B 34 35 36 37 38 39 F 
1 2 3 4 B 6 7 8 9 B 11 12 13 14 B 16 17 18 19 FB 21 22 
1 2 3 4 5 6 7 8 9 10 11 12 B 14 F 16 17 18 19 20 21 22 23 24 25 B 27 28 29 F 31 32 33 
1 2 3 4 5 6 7 8 9 10 11 B 13 14 15 16 F 18 19 20 21 22 23 B 25 26 27 28 29 30 31 32 33 F 35 B 37 38 39 40 
1 2 3 F 5 6 7 F 9 10 B F 13 14 15 F 17 18 19 F 21 B 23 F 25 26 
1 2 3 4 5 6 7 8 9 10 11 12 13 14 B F 17 18 19 20 21 22 23 24 25 26 27 28 29 B 31 F 33 34 35 36 37 38 39 40 41 42 43 44 B 46 47 F 
1 2 3 4 5 6 7 8 9 10 F 12 B 14 15 16 17 18 19 20 21 F 23 24 25 B 27 28 29 30 31 32 
1 2 B 4 5 FB 7 8 B 10 11 FB 13 14 B 16 17 FB 19 20 B 22 23 FB 25 26 B 28 29 FB 31 32 B 34 35 FB 37 38 B 
1 F 3 F 5 F 7 F 9 FB 11 F 13 F 15 F 17 F 19 FB 21 F 23 
1 2 3 4 5 6 7 8 9 10 11 12 B 14 15 16 F 18 19 20 21 22 23 24 25 
1 2 3 4 5 B 7 8 9 F 11 B 13 14 15 16 17 B 19 F 21 22 23 B 25 26 27 28 29 FB 31 32 33 34 35 
1 2 3 4 5 6 7 8 9 10 11 12 13 14 15 F 17 18 19 B 21 
1 2 3 4 5 6 7 8 9 10 11 F 13 14 15 B 17 18 19 20 21 22 23 F 
1 2 3 4 5 F 7 8 9 10 11 F 13 14 15 B 17 F 19 20 21 22 23 F 25 26 
1 2 B 4 5 B 7 8 B 10 11 B F 14 B 16 17 B 19 20 B 22 23 B 25 F B 28 29 B 31 32 B 34 35 B 37 38 FB 40 41 B 
1 2 3 4 5 B 7 8 9 F 11 B 13 14 15 16 17 B 19 F 21 22 23 B 25 26 27 28 29 FB 31 32 33 34 35 B 37 38 39 F 
1 2 3 4 5 B 7 F 9 10 11 B 13 14 15 F 17 B 19 20 21 22 23 
1 2 F 4 5 F 7 8 F B 11 F 13 14 F 16 17 F 19 B F 22 23 
1 2 3 4 5 6 7 8 9 10 11 B 13 14 15 16 F 18 19 20 21 22 23 B 25 26 27 28 
